Tue Jun 25 00:16:15 2002	21	20	1	5.39	37.29	3484
Tue Jun 25 00:16:17 2002	21	20	1	5.38	37.29	3464
Tue Jun 25 00:26:15 2002	21	20	1	5.75	53.46	3686
Tue Jun 25 00:36:16 2002	20	19	1	5.68	72.16	3992
Tue Jun 25 00:38:50 2002	20	19	1	5.49	65.11	4014
Tue Jun 25 00:48:48 2002	20	19	1	5.65	42.42	4036
Tue Jun 25 00:58:49 2002	20	19	1	5.01	43.08	4204
Tue Jun 25 01:01:23 2002	21	20	1	4.85	43.78	4192
Tue Jun 25 01:11:22 2002	14	13	1	4.64	47.93	4224
Tue Jun 25 01:21:23 2002	12	11	1	4.59	37.99	4156
Tue Jun 25 01:31:24 2002	12	11	1	3.87	23.73	4094
Tue Jun 25 01:31:26 2002	12	11	1	3.88	23.73	3988
Tue Jun 25 01:41:25 2002	10	10	0	3.85	37.69	4066
Tue Jun 25 01:51:25 2002	12	12	0	3.28	27.62	4072
Tue Jun 25 02:01:26 2002	12	12	0	2.99	26.09	3858
Tue Jun 25 02:01:28 2002	12	12	0	2.99	16.95	3730
Tue Jun 25 02:11:27 2002	14	14	0	3.49	16.09	3736
Tue Jun 25 02:21:27 2002	14	14	0	3.13	16.17	3708
Tue Jun 25 02:23:59 2002	13	13	0	3.20	16.48	3630
Tue Jun 25 02:33:58 2002	13	13	0	3.76	22.60	3580
Tue Jun 25 02:43:59 2002	13	13	0	3.17	29.23	3668
Tue Jun 25 02:46:31 2002	12	12	0	2.92	27.27	3586
Tue Jun 25 02:56:30 2002	15	15	0	2.88	31.62	3744
Tue Jun 25 03:06:31 2002	10	10	0	2.93	23.62	3682
Tue Jun 25 03:09:03 2002	10	10	0	2.98	19.35	3654
Tue Jun 25 03:19:02 2002	9	9	0	3.03	23.12	3748
Tue Jun 25 03:29:02 2002	9	9	0	2.32	14.32	3682
Tue Jun 25 03:31:34 2002	10	10	0	2.35	16.01	3596
Tue Jun 25 03:41:33 2002	11	11	0	2.34	16.14	3658
Tue Jun 25 03:51:33 2002	9	9	0	2.27	17.64	3612
Tue Jun 25 04:01:33 2002	8	8	0	2.26	47.41	3714
Tue Jun 25 04:01:36 2002	7	7	0	2.26	47.51	3644
Tue Jun 25 04:11:36 2002	6	6	0	2.27	43.22	3812
Tue Jun 25 04:21:36 2002	6	6	0	1.88	34.01	3942
Tue Jun 25 04:24:06 2002	6	6	0	1.77	29.88	4002
Tue Jun 25 04:34:04 2002	7	7	0	1.38	19.98	4122
Tue Jun 25 04:44:05 2002	8	8	0	1.67	57.45	4374
Tue Jun 25 04:54:05 2002	5	5	0	1.51	42.23	4346
Tue Jun 25 04:54:07 2002	5	5	0	1.50	42.23	4250
Tue Jun 25 05:04:05 2002	5	5	0	1.30	25.62	4218
Tue Jun 25 05:14:05 2002	6	6	0	1.15	17.50	4220
Tue Jun 25 05:24:06 2002	5	5	0	1.51	49.38	4526
Tue Jun 25 05:24:08 2002	6	6	0	1.51	49.60	4360
Tue Jun 25 05:34:06 2002	3	3	0	1.38	59.29	4440
Tue Jun 25 05:44:07 2002	5	5	0	1.62	47.12	4464
Tue Jun 25 05:54:07 2002	5	5	0	1.74	56.69	4664
Tue Jun 25 05:54:09 2002	5	5	0	1.74	56.69	4588
Tue Jun 25 06:04:08 2002	8	8	0	1.90	54.12	4922
Tue Jun 25 06:14:08 2002	7	7	0	1.35	33.84	4852
Tue Jun 25 06:24:09 2002	6	6	0	0.94	23.34	4710
Tue Jun 25 06:24:11 2002	6	6	0	0.94	17.66	4538
Tue Jun 25 06:34:09 2002	6	6	0	1.04	21.46	4438
Tue Jun 25 06:44:10 2002	7	7	0	1.51	27.75	4406
Tue Jun 25 06:54:10 2002	6	6	0	1.86	28.52	4334
Tue Jun 25 06:54:12 2002	7	7	0	1.87	28.52	4170
Tue Jun 25 07:04:10 2002	7	7	0	1.87	18.91	4176
Tue Jun 25 07:14:10 2002	8	7	1	1.79	16.23	4250
Tue Jun 25 07:16:42 2002	8	7	1	1.76	16.23	4200
Tue Jun 25 07:26:40 2002	8	7	1	1.24	8.05	4148
Tue Jun 25 07:36:40 2002	8	7	1	1.14	9.75	4128
Tue Jun 25 07:46:40 2002	8	7	1	1.76	10.41	4096
Tue Jun 25 07:46:42 2002	8	7	1	1.77	10.41	4044
Tue Jun 25 07:53:31 2002	0	0	0	0.00	0.00	310
Tue Jun 25 08:03:36 2002	7	6	1	0.53	111.31	898
Tue Jun 25 08:13:36 2002	8	7	1	1.50	92.69	1186
Tue Jun 25 08:16:06 2002	8	7	1	1.54	99.19	1310
Tue Jun 25 08:26:05 2002	8	7	1	1.53	84.43	1606
Tue Jun 25 08:36:06 2002	9	8	1	1.16	49.44	1704
Tue Jun 25 08:46:06 2002	7	6	1	1.23	51.91	1944
Tue Jun 25 08:46:08 2002	7	6	1	1.23	51.96	1930
Tue Jun 25 08:56:06 2002	7	6	1	1.85	54.43	2122
Tue Jun 25 09:06:06 2002	10	9	1	1.45	43.94	2302
Tue Jun 25 09:16:07 2002	10	9	1	1.81	57.38	2698
Tue Jun 25 09:16:09 2002	10	9	1	1.81	57.51	2558
Tue Jun 25 09:26:07 2002	8	7	1	1.48	59.61	2780
Tue Jun 25 09:36:08 2002	9	8	1	1.52	59.15	2964
Tue Jun 25 09:38:40 2002	10	9	1	1.53	53.07	2890
Tue Jun 25 09:48:38 2002	10	9	1	1.51	45.04	2962
Tue Jun 25 09:58:38 2002	10	9	1	1.31	24.30	2986
Tue Jun 25 10:08:39 2002	9	8	1	1.40	18.75	2946
Tue Jun 25 10:08:41 2002	9	8	1	1.41	19.26	2832
Tue Jun 25 10:18:39 2002	15	14	1	2.28	32.26	3010
Tue Jun 25 10:28:39 2002	15	14	1	3.06	47.08	3234
Tue Jun 25 10:31:14 2002	16	15	1	2.93	47.08	3164
Tue Jun 25 10:41:13 2002	18	17	1	3.41	59.76	3266
Tue Jun 25 10:51:13 2002	15	14	1	3.23	55.86	3424
Tue Jun 25 11:01:14 2002	16	15	1	3.28	41.28	3574
Tue Jun 25 11:01:16 2002	16	15	1	3.27	41.28	3514
Tue Jun 25 11:11:14 2002	19	18	1	3.92	35.65	3708
Tue Jun 25 11:21:15 2002	16	15	1	3.78	32.02	3716
Tue Jun 25 11:23:48 2002	18	17	1	3.93	28.00	3658
Tue Jun 25 11:33:47 2002	18	17	1	3.28	37.38	3730
Tue Jun 25 11:43:47 2002	18	17	1	2.42	25.73	3660
Tue Jun 25 11:46:19 2002	18	18	0	2.34	19.10	3538
Tue Jun 25 11:56:18 2002	19	19	0	2.72	26.97	3660
Tue Jun 25 12:06:19 2002	19	19	0	3.58	43.47	3964
Tue Jun 25 12:16:19 2002	19	19	0	3.55	29.58	3912
Tue Jun 25 12:16:21 2002	19	19	0	3.54	29.58	3816
Tue Jun 25 12:26:19 2002	17	17	0	3.21	29.42	3870
Tue Jun 25 12:36:19 2002	17	17	0	2.97	20.55	3878
Tue Jun 25 12:46:19 2002	18	18	0	3.66	39.38	4056
Tue Jun 25 12:46:23 2002	18	18	0	3.65	39.38	3964
Tue Jun 25 12:56:21 2002	19	19	0	5.33	68.01	4264
Tue Jun 25 13:06:21 2002	18	18	0	4.95	73.75	4562
Tue Jun 25 13:08:55 2002	18	18	0	5.31	72.18	4506
Tue Jun 25 13:18:54 2002	20	20	0	6.09	70.34	4836
Tue Jun 25 13:28:54 2002	20	20	0	5.58	47.39	4966
Tue Jun 25 13:31:28 2002	23	22	1	5.80	48.43	5082
Tue Jun 25 13:41:26 2002	22	21	1	6.09	46.16	5274
Tue Jun 25 13:51:26 2002	23	22	1	7.01	35.71	5342
Tue Jun 25 14:01:26 2002	25	24	1	6.43	34.91	5344
Tue Jun 25 14:01:30 2002	25	24	1	6.42	34.91	5172
Tue Jun 25 14:11:28 2002	23	22	1	6.18	29.14	4878
Tue Jun 25 14:21:28 2002	24	23	1	5.62	41.23	4980
Tue Jun 25 14:31:29 2002	26	25	1	6.28	73.10	5378
Tue Jun 25 14:31:33 2002	26	25	1	6.26	73.10	5266
Tue Jun 25 14:41:31 2002	22	22	0	5.48	55.75	5260
Tue Jun 25 14:51:31 2002	25	25	0	5.71	58.24	5624
Tue Jun 25 15:01:31 2002	23	23	0	5.51	39.02	5580
Tue Jun 25 15:01:35 2002	23	23	0	5.51	39.15	5544
Tue Jun 25 15:11:34 2002	23	23	0	5.21	44.63	5790
Tue Jun 25 15:21:34 2002	25	25	0	4.81	53.19	6060
Tue Jun 25 15:24:06 2002	23	23	0	4.62	48.79	5828
Tue Jun 25 15:34:05 2002	19	19	0	4.03	30.29	5782
Tue Jun 25 15:44:06 2002	23	23	0	3.76	25.14	5762
Tue Jun 25 15:46:39 2002	21	21	0	3.85	27.74	5576
Tue Jun 25 15:56:37 2002	25	25	0	4.02	43.11	5646
Tue Jun 25 16:06:38 2002	24	24	0	3.75	44.85	5652
Tue Jun 25 16:09:11 2002	26	26	0	3.72	39.58	5544
Tue Jun 25 16:19:10 2002	28	28	0	3.87	61.36	5822
Tue Jun 25 16:29:10 2002	21	21	0	4.44	68.91	5958
Tue Jun 25 16:31:44 2002	20	20	0	4.39	65.26	5984
Tue Jun 25 16:41:42 2002	21	21	0	4.09	53.71	6036
Tue Jun 25 16:51:43 2002	18	18	0	4.10	40.53	5968
Tue Jun 25 16:54:15 2002	18	18	0	3.95	38.15	5928
Tue Jun 25 17:04:14 2002	19	19	0	3.38	37.08	6014
Tue Jun 25 17:14:14 2002	19	19	0	3.66	26.18	5936
Tue Jun 25 17:24:15 2002	20	20	0	3.16	23.19	5880
Tue Jun 25 17:24:17 2002	20	20	0	3.16	23.19	5686
Tue Jun 25 17:34:16 2002	19	19	0	4.88	64.29	5862
Tue Jun 25 17:38:35 2002	0	0	0	0.00	0.00	310
Tue Jun 25 17:48:41 2002	15	15	0	2.32	212.67	2040
Tue Jun 25 17:58:42 2002	18	18	0	3.86	174.78	2598
Tue Jun 25 18:08:41 2002	17	17	0	4.64	148.71	3178
Tue Jun 25 18:18:40 2002	16	16	0	4.90	96.31	3456
Tue Jun 25 18:28:40 2002	18	18	0	3.64	63.29	3632
Tue Jun 25 18:38:40 2002	17	17	0	3.52	68.38	3982
Tue Jun 25 18:38:42 2002	17	17	0	3.51	68.38	3846
Tue Jun 25 18:48:40 2002	11	11	0	2.42	39.70	3664
Tue Jun 25 18:58:40 2002	15	15	0	3.15	51.74	3832
Tue Jun 25 19:08:40 2002	16	16	0	3.51	78.46	4128
Tue Jun 25 19:08:44 2002	16	16	0	3.50	78.46	3980
Tue Jun 25 19:18:42 2002	17	17	0	4.14	64.30	4158
Tue Jun 25 19:28:42 2002	15	15	0	4.12	73.12	4386
Tue Jun 25 19:38:42 2002	19	19	0	4.53	74.31	4844
Tue Jun 25 19:38:44 2002	19	19	0	4.53	74.31	4726
Tue Jun 25 19:48:43 2002	18	18	0	5.19	74.10	4886
Tue Jun 25 19:58:43 2002	22	22	0	5.74	59.19	5202
Tue Jun 25 20:01:14 2002	22	22	0	5.78	54.29	5126
Tue Jun 25 20:11:13 2002	21	21	0	5.19	72.56	5650
Tue Jun 25 20:21:14 2002	19	19	0	5.85	77.82	6048
Tue Jun 25 20:23:44 2002	19	19	0	5.74	77.82	6022
Tue Jun 25 20:33:42 2002	20	20	0	4.90	46.75	6236
Tue Jun 25 20:43:43 2002	16	16	0	5.13	41.00	5894
Tue Jun 25 20:53:43 2002	14	14	0	4.58	34.78	5862
Tue Jun 25 20:53:45 2002	14	14	0	4.58	34.78	5708
Tue Jun 25 21:03:44 2002	15	15	0	4.41	32.97	5596
Tue Jun 25 21:13:45 2002	14	14	0	4.05	33.88	5754
Tue Jun 25 21:16:15 2002	14	13	1	3.89	34.00	5540
Tue Jun 25 21:26:14 2002	15	13	2	3.44	39.85	5672
Tue Jun 25 21:36:14 2002	16	14	2	3.27	33.70	5562
Tue Jun 25 21:46:15 2002	18	16	2	3.79	29.97	5562
Tue Jun 25 21:46:17 2002	18	16	2	3.79	29.97	5406
Tue Jun 25 21:56:15 2002	18	16	2	4.04	60.60	5664
Tue Jun 25 22:06:15 2002	19	17	2	3.57	61.87	6032
Tue Jun 25 22:16:15 2002	22	20	2	3.89	47.19	6182
Tue Jun 25 22:16:19 2002	22	20	2	3.89	45.51	6054
Tue Jun 25 22:26:17 2002	20	19	1	3.95	53.66	6182
Tue Jun 25 22:36:17 2002	20	19	1	3.99	35.87	6192
Tue Jun 25 22:46:17 2002	17	16	1	3.98	48.92	6154
Tue Jun 25 22:46:21 2002	17	16	1	3.98	49.04	5912
Tue Jun 25 22:56:19 2002	15	14	1	3.97	58.29	5898
Tue Jun 25 23:06:19 2002	20	19	1	6.27	60.80	6036
Tue Jun 25 23:16:20 2002	19	18	1	7.37	85.78	6338
Tue Jun 25 23:16:24 2002	20	19	1	7.41	86.63	6246
Tue Jun 25 23:26:23 2002	19	18	1	8.74	70.57	6404
Tue Jun 25 23:36:24 2002	17	16	1	6.87	45.29	6346
Tue Jun 25 23:38:55 2002	18	17	1	6.59	44.86	6404
Tue Jun 25 23:48:54 2002	19	18	1	5.83	36.52	6608
Tue Jun 25 23:58:54 2002	21	20	1	5.61	55.10	6846
Wed Jun 26 00:08:55 2002	23	22	1	5.97	43.97	7092
Wed Jun 26 00:08:57 2002	23	22	1	5.97	43.74	6922
Wed Jun 26 00:18:56 2002	24	23	1	6.23	41.80	6978
Wed Jun 26 00:28:57 2002	27	26	1	5.96	31.37	6948
Wed Jun 26 00:31:28 2002	27	26	1	6.33	43.25	6982
Wed Jun 26 00:41:26 2002	26	25	1	6.86	74.79	7280
Wed Jun 26 00:51:27 2002	27	26	1	6.95	60.16	7370
Wed Jun 26 01:01:27 2002	25	25	0	7.95	38.58	7356
Wed Jun 26 01:01:31 2002	26	26	0	7.93	38.39	7270
Wed Jun 26 01:11:30 2002	25	25	0	6.90	35.62	7246
Wed Jun 26 01:21:30 2002	24	24	0	5.95	32.30	7278
Wed Jun 26 01:31:31 2002	23	23	0	7.52	33.02	7340
Wed Jun 26 01:31:33 2002	23	23	0	7.53	33.02	7058
Wed Jun 26 01:41:32 2002	24	24	0	8.29	51.68	7302
Wed Jun 26 01:51:32 2002	23	23	0	7.98	54.94	7424
Wed Jun 26 02:01:32 2002	19	19	0	6.34	39.09	7330
Wed Jun 26 02:01:36 2002	19	19	0	6.33	40.07	7346
Wed Jun 26 02:11:35 2002	19	19	0	6.77	92.56	8086
Wed Jun 26 02:21:35 2002	18	18	0	5.44	75.56	8430
Wed Jun 26 02:24:09 2002	16	16	0	4.96	64.45	8276
Wed Jun 26 02:34:08 2002	14	14	0	3.45	42.77	8218
Wed Jun 26 02:44:08 2002	14	14	0	2.27	25.76	8118
Wed Jun 26 02:46:40 2002	14	14	0	2.06	18.28	7886
Wed Jun 26 02:56:39 2002	11	11	0	2.15	14.16	7634
Wed Jun 26 03:06:39 2002	8	8	0	1.57	8.83	7038
Wed Jun 26 03:09:11 2002	8	8	0	1.42	7.39	6536
Wed Jun 26 03:19:09 2002	7	7	0	0.95	4.11	6266
Wed Jun 26 03:23:37 2002	0	0	0	0.00	0.00	310
Wed Jun 26 03:33:45 2002	11	11	0	1.67	196.17	1618
Wed Jun 26 03:43:45 2002	9	9	0	1.47	115.34	1722
Wed Jun 26 03:53:45 2002	9	9	0	2.28	133.63	2512
Wed Jun 26 03:53:47 2002	9	9	0	2.28	133.63	2516
Wed Jun 26 04:03:45 2002	9	9	0	3.27	113.63	2902
Wed Jun 26 04:13:45 2002	10	10	0	2.70	64.45	3010
Wed Jun 26 04:16:18 2002	10	10	0	2.93	61.50	3030
Wed Jun 26 04:26:16 2002	8	8	0	3.75	49.01	3054
Wed Jun 26 04:36:17 2002	8	8	0	2.92	34.31	3044
Wed Jun 26 04:46:17 2002	8	8	0	2.75	24.46	2894
Wed Jun 26 04:46:19 2002	8	8	0	2.74	24.46	2572
Wed Jun 26 04:56:18 2002	7	7	0	2.75	16.32	2418
Wed Jun 26 05:06:18 2002	7	7	0	2.10	15.92	2330
Wed Jun 26 05:08:50 2002	6	6	0	2.11	17.05	2294
Wed Jun 26 05:18:49 2002	6	6	0	1.90	11.10	2220
Wed Jun 26 05:28:49 2002	6	6	0	1.81	17.40	2242
Wed Jun 26 05:38:49 2002	6	6	0	1.28	21.68	2266
Wed Jun 26 05:38:51 2002	6	6	0	1.27	21.68	2180
Wed Jun 26 05:48:49 2002	6	6	0	1.15	18.56	2272
Wed Jun 26 05:58:49 2002	7	7	0	1.06	26.34	2410
Wed Jun 26 06:08:50 2002	7	7	0	1.06	26.56	2480
Wed Jun 26 06:08:52 2002	7	7	0	1.06	26.56	2398
Wed Jun 26 06:18:50 2002	7	7	0	1.40	26.16	2570
Wed Jun 26 06:28:51 2002	7	7	0	2.18	26.08	2612
Wed Jun 26 06:31:23 2002	6	6	0	2.26	24.83	2574
Wed Jun 26 06:41:21 2002	5	5	0	2.36	37.02	2772
Wed Jun 26 06:51:22 2002	6	6	0	2.68	45.97	3024
Wed Jun 26 06:53:54 2002	7	7	0	2.43	42.00	2986
Wed Jun 26 07:03:52 2002	6	6	0	1.88	30.66	3052
Wed Jun 26 07:13:53 2002	5	5	0	1.80	48.36	3232
Wed Jun 26 07:16:25 2002	5	5	0	2.00	55.95	3330
Wed Jun 26 07:26:23 2002	5	5	0	2.11	49.29	3464
Wed Jun 26 07:36:23 2002	6	6	0	1.94	32.51	3390
Wed Jun 26 07:38:56 2002	6	6	0	2.04	26.56	3246
Wed Jun 26 07:48:54 2002	5	5	0	1.70	29.56	3274
Wed Jun 26 07:58:54 2002	5	5	0	1.19	26.63	3304
Wed Jun 26 08:08:54 2002	6	5	1	1.11	23.96	3354
Wed Jun 26 08:08:56 2002	6	5	1	1.12	23.96	3358
Wed Jun 26 08:18:54 2002	7	6	1	1.38	33.40	3484
Wed Jun 26 08:28:55 2002	6	5	1	1.74	45.87	3542
Wed Jun 26 08:31:27 2002	6	5	1	1.61	40.56	3492
Wed Jun 26 08:41:25 2002	8	7	1	1.39	26.72	3526
Wed Jun 26 08:51:26 2002	8	7	1	1.03	14.79	3472
Wed Jun 26 08:53:58 2002	8	7	1	0.99	12.96	3434
Wed Jun 26 09:03:56 2002	8	7	1	1.91	78.14	4100
Wed Jun 26 09:13:57 2002	8	7	1	1.91	52.59	4016
Wed Jun 26 09:23:58 2002	9	8	1	1.48	31.52	3940
Wed Jun 26 09:24:00 2002	9	8	1	1.48	31.52	3804
Wed Jun 26 09:33:59 2002	9	8	1	1.25	27.43	3884
Wed Jun 26 09:43:59 2002	9	8	1	1.19	31.53	4022
Wed Jun 26 09:46:31 2002	9	8	1	1.13	29.64	3956
Wed Jun 26 09:56:29 2002	12	11	1	1.34	36.40	4078
Wed Jun 26 10:06:30 2002	13	12	1	1.53	28.91	4046
Wed Jun 26 10:09:02 2002	11	10	1	1.45	29.23	3932
Wed Jun 26 10:19:00 2002	12	11	1	1.06	16.83	3972
Wed Jun 26 10:29:01 2002	12	11	1	1.27	35.59	4122
Wed Jun 26 10:39:01 2002	11	10	1	1.59	43.04	4360
Wed Jun 26 10:39:03 2002	11	10	1	1.59	43.04	4302
Wed Jun 26 10:49:01 2002	13	12	1	1.58	39.25	4406
Wed Jun 26 10:59:02 2002	14	13	1	2.64	45.22	4608
Wed Jun 26 11:01:34 2002	13	12	1	2.96	55.84	4722
Wed Jun 26 11:11:33 2002	14	13	1	4.55	79.29	5178
Wed Jun 26 11:21:33 2002	14	14	0	5.27	64.61	5346
Wed Jun 26 11:31:34 2002	16	16	0	5.06	55.03	5602
Wed Jun 26 11:31:36 2002	16	16	0	5.05	52.08	5570
Wed Jun 26 11:41:35 2002	15	15	0	5.28	32.00	5622
Wed Jun 26 11:51:36 2002	19	19	0	6.85	26.56	5756
Wed Jun 26 12:01:36 2002	16	16	0	6.28	36.19	5642
Wed Jun 26 12:11:35 2002	16	16	0	4.90	24.15	5480
Wed Jun 26 12:21:36 2002	17	17	0	5.29	35.34	5636
Wed Jun 26 12:24:06 2002	18	18	0	5.85	46.75	5688
Wed Jun 26 12:34:04 2002	19	19	0	6.15	55.84	5878
Wed Jun 26 12:44:04 2002	17	17	0	6.57	70.57	6354
Wed Jun 26 12:54:04 2002	19	19	0	7.49	61.11	6674
Wed Jun 26 12:54:06 2002	19	19	0	7.48	61.11	6662
Wed Jun 26 13:04:05 2002	17	16	1	8.09	61.82	6846
Wed Jun 26 13:08:42 2002	0	0	0	0.00	0.00	310
Wed Jun 26 13:18:50 2002	16	15	1	2.43	170.93	1738
Wed Jun 26 13:28:50 2002	18	17	1	3.97	138.35	2292
Wed Jun 26 13:31:22 2002	18	17	1	4.40	129.53	2394
Wed Jun 26 13:41:21 2002	18	17	1	5.86	102.90	2714
Wed Jun 26 13:51:22 2002	15	14	1	5.77	64.78	2698
Wed Jun 26 14:01:22 2002	15	14	1	4.76	39.54	2800
Wed Jun 26 14:01:24 2002	15	14	1	4.76	39.54	2770
Wed Jun 26 14:11:22 2002	17	16	1	3.76	33.04	2832
Wed Jun 26 14:21:22 2002	13	13	0	3.46	25.87	2770
Wed Jun 26 14:31:22 2002	13	13	0	3.06	41.35	2898
Wed Jun 26 14:31:28 2002	13	13	0	3.06	44.18	2784
Wed Jun 26 14:41:27 2002	14	14	0	2.34	36.78	2786
Wed Jun 26 14:51:28 2002	16	16	0	2.12	48.60	2970
Wed Jun 26 15:01:28 2002	16	16	0	2.13	48.93	3106
Wed Jun 26 15:01:30 2002	16	16	0	2.13	48.93	3026
Wed Jun 26 15:11:29 2002	14	14	0	2.12	39.09	3052
Wed Jun 26 15:21:30 2002	18	18	0	2.96	68.94	3394
Wed Jun 26 15:24:02 2002	18	18	0	3.14	74.26	3424
Wed Jun 26 15:34:01 2002	18	18	0	4.04	74.79	3648
Wed Jun 26 15:44:02 2002	18	18	0	4.05	79.82	3972
Wed Jun 26 15:54:03 2002	20	20	0	5.26	96.97	4566
Wed Jun 26 15:54:05 2002	20	20	0	5.28	96.59	4566
Wed Jun 26 16:04:03 2002	20	20	0	5.26	68.54	4702
Wed Jun 26 16:14:03 2002	18	18	0	4.17	39.94	4722
Wed Jun 26 16:24:04 2002	17	17	0	3.81	24.54	4660
Wed Jun 26 16:24:08 2002	17	17	0	3.82	24.54	4576
Wed Jun 26 16:34:07 2002	20	20	0	3.81	28.00	4602
Wed Jun 26 16:44:07 2002	24	24	0	3.70	37.29	4584
Wed Jun 26 16:46:39 2002	24	24	0	3.82	39.41	4416
Wed Jun 26 16:56:38 2002	25	25	0	4.54	45.90	4562
Wed Jun 26 17:06:39 2002	23	23	0	4.12	45.43	4538
Wed Jun 26 17:16:40 2002	19	19	0	4.13	66.32	4732
Wed Jun 26 17:16:42 2002	19	19	0	4.12	66.32	4686
Wed Jun 26 17:26:40 2002	20	20	0	3.31	51.93	4744
Wed Jun 26 17:36:40 2002	19	19	0	3.44	65.21	4964
Wed Jun 26 17:39:14 2002	19	19	0	3.38	58.69	4860
Wed Jun 26 17:49:12 2002	19	19	0	3.59	48.67	4930
Wed Jun 26 17:59:13 2002	21	21	0	3.39	33.55	5014
Wed Jun 26 18:01:46 2002	21	21	0	3.26	28.49	4814
Wed Jun 26 18:11:44 2002	19	19	0	3.77	34.30	4780
Wed Jun 26 18:21:45 2002	21	21	0	3.50	23.00	4706
Wed Jun 26 18:24:17 2002	21	21	0	3.54	21.01	4590
Wed Jun 26 18:34:15 2002	17	17	0	6.67	22.07	4428
Wed Jun 26 18:44:15 2002	17	17	0	5.30	38.48	4490
Wed Jun 26 18:46:49 2002	18	18	0	4.92	40.47	4508
Wed Jun 26 18:56:47 2002	12	12	0	4.45	35.78	4540
Wed Jun 26 19:06:48 2002	15	15	0	5.22	57.62	4956
Wed Jun 26 19:09:20 2002	14	14	0	5.62	55.38	4930
Wed Jun 26 19:19:19 2002	15	15	0	4.99	50.68	5214
Wed Jun 26 19:29:19 2002	11	11	0	4.28	58.73	5414
Wed Jun 26 19:39:19 2002	12	11	1	4.50	100.58	5892
Wed Jun 26 19:39:24 2002	12	11	1	4.49	102.72	5732
Wed Jun 26 19:49:22 2002	10	9	1	4.33	87.56	6074
Wed Jun 26 19:59:22 2002	11	10	1	4.08	57.01	6216
Wed Jun 26 20:01:56 2002	11	10	1	5.09	80.31	6370
Wed Jun 26 20:11:55 2002	13	12	1	4.03	51.99	6464
Wed Jun 26 20:21:55 2002	12	11	1	3.40	43.85	6522
Wed Jun 26 20:31:56 2002	11	10	1	4.12	34.21	6362
Wed Jun 26 20:41:54 2002	12	11	1	3.06	27.25	6202
Wed Jun 26 20:48:22 2002	0	0	0	0.00	0.00	310
Wed Jun 26 20:58:28 2002	3	3	0	0.10	104.76	342
Wed Jun 26 21:08:28 2002	1	1	0	0.09	104.76	340
Wed Jun 26 21:10:58 2002	2	2	0	0.09	104.76	342
Wed Jun 26 21:20:56 2002	2	2	0	0.14	18.82	390
Wed Jun 26 21:30:57 2002	1	1	0	0.17	24.37	400
Wed Jun 26 21:40:57 2002	1	1	0	0.13	13.53	402
Wed Jun 26 21:40:59 2002	2	2	0	0.13	13.53	404
Wed Jun 26 21:50:57 2002	1	1	0	0.11	9.35	402
Wed Jun 26 22:00:57 2002	1	1	0	0.07	9.35	402
Wed Jun 26 22:03:29 2002	1	1	0	0.06	9.35	402
Wed Jun 26 22:13:27 2002	1	1	0	0.03	9.35	402
Wed Jun 26 22:23:27 2002	0	0	0	0.03	9.35	396
Wed Jun 26 22:33:27 2002	1	1	0	0.02	9.35	394
Wed Jun 26 22:33:29 2002	1	1	0	0.02	9.35	392
Wed Jun 26 22:43:27 2002	1	1	0	0.01	9.35	392
Wed Jun 26 22:53:27 2002	1	1	0	0.01	9.35	390
Wed Jun 26 22:55:59 2002	1	1	0	0.01	9.35	390
Wed Jun 26 23:05:57 2002	1	1	0	0.01	9.35	390
Wed Jun 26 23:15:57 2002	1	1	0	0.02	0.93	398
Wed Jun 26 23:18:29 2002	1	1	0	0.02	0.93	398
Wed Jun 26 23:28:27 2002	1	1	0	0.02	0.93	398
Wed Jun 26 23:38:27 2002	1	1	0	0.01	0.93	398
Wed Jun 26 23:40:59 2002	1	1	0	0.01	0.93	398
Wed Jun 26 23:50:57 2002	1	1	0	0.01	0.93	398
Thu Jun 27 00:00:57 2002	1	1	0	0.02	0.93	398
Thu Jun 27 00:03:29 2002	2	2	0	0.02	0.93	398
Thu Jun 27 00:13:27 2002	1	1	0	0.02	0.93	394
Thu Jun 27 00:23:27 2002	0	0	0	0.01	0.93	388
Thu Jun 27 00:33:27 2002	2	2	0	0.01	0.93	390
Thu Jun 27 00:33:29 2002	2	2	0	0.01	0.93	390
Thu Jun 27 00:43:27 2002	1	1	0	0.01	0.93	390
Thu Jun 27 00:53:27 2002	1	1	0	0.01	0.93	390
Thu Jun 27 00:55:59 2002	1	1	0	0.01	0.93	390
Thu Jun 27 01:05:57 2002	1	1	0	0.01	0.93	390
Thu Jun 27 01:15:57 2002	1	1	0	0.01	0.93	390
Thu Jun 27 01:18:29 2002	1	1	0	0.00	0.93	390
Thu Jun 27 01:28:27 2002	1	1	0	0.00	0.93	390
Thu Jun 27 01:38:27 2002	1	1	0	0.00	0.93	390
Thu Jun 27 01:40:59 2002	1	1	0	0.00	0.93	390
Thu Jun 27 01:50:57 2002	0	0	0	0.00	0.93	388
Thu Jun 27 02:00:57 2002	0	0	0	0.00	0.93	388
Thu Jun 27 02:10:57 2002	0	0	0	0.00	0.93	388
Thu Jun 27 02:10:59 2002	0	0	0	0.00	0.93	388
Thu Jun 27 02:20:57 2002	0	0	0	0.00	0.93	388
Thu Jun 27 02:30:57 2002	0	0	0	0.00	0.93	388
Thu Jun 27 02:40:57 2002	0	0	0	0.00	0.93	388
Thu Jun 27 02:40:59 2002	0	0	0	0.00	0.93	388
Thu Jun 27 02:50:57 2002	0	0	0	0.00	0.93	388
Thu Jun 27 03:00:57 2002	0	0	0	0.00	0.93	388
Thu Jun 27 03:10:57 2002	0	0	0	0.00	0.93	388
Thu Jun 27 03:10:59 2002	0	0	0	0.00	0.93	388
Thu Jun 27 03:20:57 2002	0	0	0	0.00	0.93	388
Thu Jun 27 03:30:57 2002	0	0	0	0.00	0.93	388
Thu Jun 27 03:40:57 2002	0	0	0	0.01	0.93	388
Thu Jun 27 03:40:59 2002	0	0	0	0.01	0.93	388
Thu Jun 27 03:50:57 2002	0	0	0	0.01	0.93	388
Thu Jun 27 04:00:57 2002	0	0	0	0.01	0.93	388
Thu Jun 27 04:03:30 2002	0	0	0	0.01	0.93	388
Thu Jun 27 04:13:28 2002	0	0	0	0.01	0.93	388
Thu Jun 27 04:23:28 2002	0	0	0	0.01	0.93	390
Thu Jun 27 04:26:00 2002	0	0	0	0.01	0.93	388
Thu Jun 27 04:35:58 2002	0	0	0	0.01	0.93	388
Thu Jun 27 04:45:58 2002	0	0	0	0.01	0.93	388
Thu Jun 27 04:48:31 2002	0	0	0	0.01	0.93	388
Thu Jun 27 04:58:29 2002	0	0	0	0.01	0.93	388
Thu Jun 27 05:08:29 2002	0	0	0	0.01	0.93	388
Thu Jun 27 05:18:29 2002	0	0	0	0.01	0.93	388
Thu Jun 27 05:18:31 2002	0	0	0	0.01	0.93	388
Thu Jun 27 05:28:29 2002	0	0	0	0.01	0.93	388
Thu Jun 27 05:38:29 2002	0	0	0	0.01	0.93	388
Thu Jun 27 05:41:01 2002	0	0	0	0.01	0.93	388
Thu Jun 27 05:50:59 2002	0	0	0	0.01	0.93	388
Thu Jun 27 06:00:59 2002	0	0	0	0.00	0.93	388
Thu Jun 27 06:10:59 2002	0	0	0	0.00	0.93	388
Thu Jun 27 06:11:01 2002	0	0	0	0.00	0.93	388
Thu Jun 27 06:20:59 2002	0	0	0	0.00	0.93	388
Thu Jun 27 06:30:59 2002	0	0	0	0.00	0.93	388
Thu Jun 27 06:33:23 2002	0	0	0	0.00	0.00	310
Thu Jun 27 06:43:29 2002	0	0	0	0.00	101.19	312
Thu Jun 27 06:53:29 2002	0	0	0	0.00	39.73	312
Thu Jun 27 06:55:59 2002	0	0	0	0.00	39.73	312
Thu Jun 27 07:05:57 2002	0	0	0	0.00	23.96	312
Thu Jun 27 07:15:57 2002	0	0	0	0.00	23.96	312
Thu Jun 27 07:18:29 2002	0	0	0	0.00	23.96	312
Thu Jun 27 07:28:27 2002	0	0	0	0.00	23.96	312
Thu Jun 27 07:38:27 2002	0	0	0	0.00	23.96	310
Thu Jun 27 07:48:27 2002	0	0	0	0.00	23.96	304
Thu Jun 27 07:48:29 2002	0	0	0	0.00	23.96	304
Thu Jun 27 07:58:27 2002	0	0	0	0.00	23.96	304
Thu Jun 27 08:08:27 2002	0	0	0	0.00	23.96	304
Thu Jun 27 08:18:27 2002	0	0	0	0.00	23.96	304
Thu Jun 27 08:18:29 2002	0	0	0	0.00	23.96	304
Thu Jun 27 08:28:27 2002	0	0	0	0.00	23.96	304
Thu Jun 27 08:38:27 2002	0	0	0	0.00	23.96	304
Thu Jun 27 08:48:27 2002	0	0	0	0.00	23.96	304
Thu Jun 27 08:48:29 2002	0	0	0	0.00	23.96	304
Thu Jun 27 08:58:27 2002	0	0	0	0.00	23.96	304
Thu Jun 27 09:08:27 2002	0	0	0	0.00	23.96	304
Thu Jun 27 09:10:59 2002	0	0	0	0.00	23.96	304
Thu Jun 27 09:20:57 2002	0	0	0	0.00	23.96	304
Thu Jun 27 09:30:57 2002	0	0	0	0.00	23.96	304
Thu Jun 27 09:40:57 2002	0	0	0	0.00	23.96	304
Thu Jun 27 09:40:59 2002	0	0	0	0.00	23.96	304
Thu Jun 27 09:50:57 2002	0	0	0	0.00	23.96	304
Thu Jun 27 10:00:57 2002	0	0	0	0.02	23.96	304
Thu Jun 27 10:03:29 2002	0	0	0	0.04	23.96	304
Thu Jun 27 10:13:27 2002	0	0	0	0.04	23.96	304
Thu Jun 27 10:23:27 2002	0	0	0	0.03	23.96	304
Thu Jun 27 10:25:59 2002	0	0	0	0.03	23.96	304
Thu Jun 27 10:35:57 2002	0	0	0	0.04	23.96	304
Thu Jun 27 10:45:57 2002	0	0	0	0.04	23.96	304
Thu Jun 27 10:48:29 2002	0	0	0	0.02	23.96	304
Thu Jun 27 10:58:27 2002	0	0	0	0.01	23.96	304
Thu Jun 27 11:08:27 2002	0	0	0	0.01	23.96	304
Thu Jun 27 11:18:27 2002	0	0	0	0.01	23.96	304
Thu Jun 27 11:18:29 2002	0	0	0	0.01	23.96	304
Thu Jun 27 11:28:27 2002	0	0	0	0.00	23.96	304
Thu Jun 27 11:38:27 2002	0	0	0	0.00	23.96	304
Thu Jun 27 11:40:59 2002	0	0	0	0.00	23.96	304
Thu Jun 27 11:50:57 2002	0	0	0	0.00	23.96	304
Thu Jun 27 12:00:57 2002	0	0	0	0.00	23.96	304
Thu Jun 27 12:10:57 2002	0	0	0	0.00	23.96	304
Thu Jun 27 12:10:59 2002	0	0	0	0.00	23.96	304
Thu Jun 27 12:20:57 2002	0	0	0	0.01	23.96	304
Thu Jun 27 12:30:57 2002	0	0	0	0.01	23.96	304
Thu Jun 27 12:40:57 2002	0	0	0	0.01	23.96	304
Thu Jun 27 12:40:59 2002	0	0	0	0.01	23.96	304
Thu Jun 27 12:50:57 2002	0	0	0	0.02	23.96	304
Thu Jun 27 13:00:57 2002	0	0	0	0.02	23.96	304
Thu Jun 27 13:03:29 2002	0	0	0	0.02	23.96	304
Thu Jun 27 13:13:27 2002	0	0	0	0.02	23.96	304
Thu Jun 27 13:23:27 2002	0	0	0	0.07	10.49	330
Thu Jun 27 13:33:27 2002	1	1	0	0.05	14.39	386
Thu Jun 27 13:33:29 2002	1	1	0	0.05	14.39	386
Thu Jun 27 13:43:27 2002	0	0	0	0.04	14.45	368
Thu Jun 27 13:53:27 2002	1	1	0	0.04	14.45	368
Thu Jun 27 13:55:59 2002	1	1	0	0.02	14.45	368
Thu Jun 27 14:05:57 2002	1	1	0	0.01	3.73	368
Thu Jun 27 14:15:57 2002	1	1	0	0.02	3.73	368
Thu Jun 27 14:25:57 2002	1	1	0	0.02	3.73	368
Thu Jun 27 14:25:59 2002	1	1	0	0.02	3.73	368
Thu Jun 27 14:35:57 2002	1	1	0	0.01	3.73	362
Thu Jun 27 14:45:57 2002	1	1	0	0.01	3.73	358
Thu Jun 27 14:48:29 2002	1	1	0	0.01	3.73	356
Thu Jun 27 14:58:27 2002	0	0	0	0.00	3.73	356
Thu Jun 27 15:08:27 2002	0	0	0	0.00	3.73	356
Thu Jun 27 15:10:59 2002	0	0	0	0.01	3.73	356
Thu Jun 27 15:20:57 2002	0	0	0	0.01	3.73	356
Thu Jun 27 15:30:57 2002	0	0	0	0.01	3.73	356
Thu Jun 27 15:33:29 2002	0	0	0	0.01	3.73	356
Thu Jun 27 15:43:27 2002	0	0	0	0.01	3.73	356
Thu Jun 27 15:53:27 2002	0	0	0	0.01	3.73	356
Thu Jun 27 15:55:59 2002	0	0	0	0.01	3.73	356
Thu Jun 27 16:05:57 2002	0	0	0	0.01	3.73	356
Thu Jun 27 16:15:57 2002	1	1	0	0.01	3.73	356
Thu Jun 27 16:18:24 2002	0	0	0	0.00	0.00	310
Thu Jun 27 16:28:29 2002	1	1	0	0.00	101.24	312
Thu Jun 27 16:38:29 2002	1	1	0	0.00	41.34	314
Thu Jun 27 16:40:59 2002	1	1	0	0.00	41.34	314
Thu Jun 27 16:50:57 2002	0	0	0	0.00	23.94	312
Thu Jun 27 17:00:57 2002	0	0	0	0.00	23.94	312
Thu Jun 27 17:03:29 2002	0	0	0	0.00	23.94	312
Thu Jun 27 17:13:27 2002	0	0	0	0.00	23.94	312
Thu Jun 27 17:23:27 2002	0	0	0	0.00	23.94	310
Thu Jun 27 17:25:59 2002	0	0	0	0.00	23.94	310
Thu Jun 27 17:35:57 2002	0	0	0	0.00	23.94	304
Thu Jun 27 17:45:57 2002	0	0	0	0.00	23.94	304
Thu Jun 27 17:55:57 2002	0	0	0	0.00	23.94	304
Thu Jun 27 17:55:59 2002	0	0	0	0.00	23.94	304
Thu Jun 27 18:05:57 2002	0	0	0	0.00	23.94	304
Thu Jun 27 18:15:57 2002	0	0	0	0.00	23.94	304
Thu Jun 27 18:25:57 2002	0	0	0	0.00	23.94	304
Thu Jun 27 18:25:59 2002	0	0	0	0.00	23.94	304
Thu Jun 27 18:35:57 2002	0	0	0	0.00	23.94	304
Thu Jun 27 18:45:57 2002	0	0	0	0.00	23.94	304
Thu Jun 27 18:48:29 2002	0	0	0	0.00	23.94	304
Thu Jun 27 18:58:27 2002	1	1	0	0.00	23.94	304
Thu Jun 27 19:08:27 2002	0	0	0	0.01	23.94	304
Thu Jun 27 19:18:27 2002	0	0	0	0.01	23.94	304
Thu Jun 27 19:18:29 2002	0	0	0	0.01	23.94	304
Thu Jun 27 19:28:27 2002	0	0	0	0.01	23.94	304
Thu Jun 27 19:38:27 2002	0	0	0	0.01	23.94	304
Thu Jun 27 19:48:27 2002	0	0	0	0.02	23.94	304
Thu Jun 27 19:48:29 2002	0	0	0	0.02	23.94	304
Thu Jun 27 19:58:27 2002	0	0	0	0.02	23.94	304
Thu Jun 27 20:08:27 2002	0	0	0	0.02	23.94	304
Thu Jun 27 20:18:27 2002	0	0	0	0.02	23.94	304
Thu Jun 27 20:18:29 2002	0	0	0	0.02	23.94	304
Thu Jun 27 20:28:27 2002	0	0	0	0.02	23.94	304
Thu Jun 27 20:38:27 2002	0	0	0	0.02	23.94	304
Thu Jun 27 20:40:59 2002	0	0	0	0.02	23.94	304
Thu Jun 27 20:50:57 2002	0	0	0	0.00	23.94	304
Thu Jun 27 21:00:57 2002	0	0	0	0.00	23.94	304
Thu Jun 27 21:03:29 2002	0	0	0	0.00	23.94	304
Thu Jun 27 21:13:27 2002	0	0	0	0.00	23.94	304
Thu Jun 27 21:23:27 2002	0	0	0	0.00	23.94	304
Thu Jun 27 21:25:59 2002	0	0	0	0.00	23.94	304
Thu Jun 27 21:35:57 2002	0	0	0	0.00	23.94	304
Thu Jun 27 21:45:57 2002	2	1	1	0.01	23.94	306
Thu Jun 27 21:48:29 2002	0	0	0	0.02	23.94	304
Thu Jun 27 21:58:27 2002	0	0	0	0.02	23.94	304
Thu Jun 27 22:08:27 2002	0	0	0	0.01	23.94	304
Thu Jun 27 22:18:27 2002	0	0	0	0.01	23.94	304
Thu Jun 27 22:18:29 2002	0	0	0	0.01	23.94	304
Thu Jun 27 22:28:27 2002	0	0	0	0.00	23.94	304
Thu Jun 27 22:38:27 2002	0	0	0	0.00	23.94	304
Thu Jun 27 22:40:59 2002	0	0	0	0.00	23.94	304
Thu Jun 27 22:50:57 2002	0	0	0	0.00	23.94	304
Thu Jun 27 23:00:57 2002	0	0	0	0.00	23.94	304
Thu Jun 27 23:03:29 2002	0	0	0	0.00	23.94	304
Thu Jun 27 23:13:27 2002	0	0	0	0.01	23.94	304
Thu Jun 27 23:23:27 2002	0	0	0	0.00	23.94	304
Thu Jun 27 23:25:59 2002	0	0	0	0.01	23.94	304
Thu Jun 27 23:35:57 2002	0	0	0	0.01	23.94	304
Thu Jun 27 23:45:57 2002	0	0	0	0.00	23.94	304
Thu Jun 27 23:48:29 2002	0	0	0	0.00	23.94	304
Thu Jun 27 23:58:27 2002	0	0	0	0.00	23.94	304
Fri Jun 28 00:08:27 2002	0	0	0	0.00	23.94	304
Fri Jun 28 00:18:27 2002	0	0	0	0.00	23.94	304
Fri Jun 28 00:18:29 2002	0	0	0	0.00	23.94	304
Fri Jun 28 00:28:27 2002	0	0	0	0.00	23.94	304
Fri Jun 28 00:38:27 2002	0	0	0	0.00	23.94	304
Fri Jun 28 00:40:59 2002	0	0	0	0.00	23.94	304
Fri Jun 28 00:50:57 2002	0	0	0	0.00	23.94	304
Fri Jun 28 01:00:57 2002	0	0	0	0.00	23.94	304
Fri Jun 28 01:03:29 2002	0	0	0	0.00	23.94	304
Fri Jun 28 01:13:27 2002	0	0	0	0.00	23.94	304
Fri Jun 28 01:23:27 2002	0	0	0	0.00	23.94	304
Fri Jun 28 01:25:59 2002	0	0	0	0.00	23.94	304
Fri Jun 28 01:35:57 2002	0	0	0	0.00	23.94	304
Fri Jun 28 01:45:57 2002	0	0	0	0.00	23.94	304
Fri Jun 28 01:48:29 2002	0	0	0	0.00	23.94	304
Fri Jun 28 01:58:27 2002	0	0	0	0.00	23.94	304
Fri Jun 28 02:03:26 2002	0	0	0	0.00	0.00	310
Fri Jun 28 02:13:31 2002	0	0	0	0.00	63.67	312
Fri Jun 28 02:23:31 2002	0	0	0	0.00	63.67	312
Fri Jun 28 02:26:01 2002	0	0	0	0.00	63.67	312
Fri Jun 28 02:35:59 2002	0	0	0	0.00	14.44	312
Fri Jun 28 02:45:59 2002	0	0	0	0.00	14.44	312
Fri Jun 28 02:48:31 2002	0	0	0	0.00	14.44	312
Fri Jun 28 02:58:29 2002	0	0	0	0.00	14.44	312
Fri Jun 28 03:08:29 2002	0	0	0	0.00	14.44	312
Fri Jun 28 03:11:01 2002	0	0	0	0.00	14.44	312
Fri Jun 28 03:20:59 2002	0	0	0	0.00	14.44	304
Fri Jun 28 03:30:59 2002	0	0	0	0.00	14.44	304
Fri Jun 28 03:33:31 2002	0	0	0	0.00	14.44	304
Fri Jun 28 03:43:29 2002	0	0	0	0.00	14.44	304
Fri Jun 28 03:53:29 2002	0	0	0	0.00	14.44	304
Fri Jun 28 03:56:01 2002	0	0	0	0.00	14.44	304
Fri Jun 28 04:06:00 2002	0	0	0	0.00	14.44	304
Fri Jun 28 04:16:00 2002	0	0	0	0.00	14.44	304
Fri Jun 28 04:26:00 2002	0	0	0	0.00	14.44	304
Fri Jun 28 04:26:02 2002	0	0	0	0.00	14.44	304
Fri Jun 28 04:36:00 2002	0	0	0	0.00	14.44	304
Fri Jun 28 04:46:00 2002	0	0	0	0.00	14.44	304
Fri Jun 28 04:56:00 2002	0	0	0	0.00	14.44	304
Fri Jun 28 04:56:02 2002	0	0	0	0.00	14.44	304
Fri Jun 28 05:06:00 2002	0	0	0	0.00	14.44	304
Fri Jun 28 05:16:00 2002	0	0	0	0.00	14.44	304
Fri Jun 28 05:18:32 2002	0	0	0	0.00	14.44	304
Fri Jun 28 05:28:30 2002	0	0	0	0.00	14.44	304
Fri Jun 28 05:38:30 2002	0	0	0	0.00	14.44	304
Fri Jun 28 05:48:30 2002	1	1	0	0.00	14.44	304
Fri Jun 28 05:48:32 2002	1	1	0	0.00	14.44	304
Fri Jun 28 05:58:30 2002	0	0	0	0.00	14.44	304
Fri Jun 28 06:08:30 2002	0	0	0	0.00	14.44	304
Fri Jun 28 06:11:02 2002	0	0	0	0.00	14.44	304
Fri Jun 28 06:21:00 2002	0	0	0	0.00	14.44	304
Fri Jun 28 06:31:00 2002	0	0	0	0.00	14.44	304
Fri Jun 28 06:33:32 2002	0	0	0	0.00	14.44	304
Fri Jun 28 06:43:30 2002	0	0	0	0.00	14.44	304
Fri Jun 28 06:53:30 2002	0	0	0	0.00	14.44	304
Fri Jun 28 06:56:02 2002	0	0	0	0.00	14.44	304
Fri Jun 28 07:06:00 2002	0	0	0	0.00	14.44	304
Fri Jun 28 07:16:00 2002	0	0	0	0.00	14.44	304
Fri Jun 28 07:18:32 2002	0	0	0	0.00	14.44	304
Fri Jun 28 07:28:30 2002	1	1	0	0.00	14.44	304
Fri Jun 28 07:38:30 2002	0	0	0	0.00	14.44	304
Fri Jun 28 07:41:02 2002	0	0	0	0.00	14.44	304
Fri Jun 28 07:51:00 2002	0	0	0	0.00	14.44	304
Fri Jun 28 08:01:00 2002	0	0	0	0.00	14.44	304
Fri Jun 28 08:03:32 2002	0	0	0	0.00	14.44	304
Fri Jun 28 08:13:30 2002	0	0	0	0.00	14.44	304
Fri Jun 28 08:23:30 2002	0	0	0	0.00	14.44	304
Fri Jun 28 08:33:30 2002	0	0	0	0.00	14.44	304
Fri Jun 28 08:33:32 2002	0	0	0	0.00	14.44	304
Fri Jun 28 08:43:30 2002	0	0	0	0.00	14.44	304
Fri Jun 28 08:53:30 2002	1	1	0	0.00	14.44	306
Fri Jun 28 08:56:02 2002	0	0	0	0.00	14.44	304
Fri Jun 28 09:06:00 2002	0	0	0	0.00	14.44	304
Fri Jun 28 09:16:00 2002	0	0	0	0.00	14.44	304
Fri Jun 28 09:26:00 2002	0	0	0	0.03	14.44	304
Fri Jun 28 09:26:02 2002	0	0	0	0.03	14.44	304
Fri Jun 28 09:36:00 2002	0	0	0	0.03	14.44	304
Fri Jun 28 09:46:00 2002	0	0	0	0.03	14.44	304
Fri Jun 28 09:48:32 2002	0	0	0	0.03	14.44	304
Fri Jun 28 09:58:30 2002	0	0	0	0.01	14.44	304
Fri Jun 28 10:08:30 2002	0	0	0	0.01	14.44	304
Fri Jun 28 10:18:30 2002	0	0	0	0.01	14.44	304
Fri Jun 28 10:18:32 2002	0	0	0	0.01	14.44	304
Fri Jun 28 10:28:30 2002	0	0	0	0.00	14.44	304
Fri Jun 28 10:38:30 2002	0	0	0	0.00	14.44	304
Fri Jun 28 10:48:30 2002	0	0	0	0.00	14.44	304
Fri Jun 28 10:48:32 2002	0	0	0	0.00	14.44	304
Fri Jun 28 10:58:30 2002	0	0	0	0.00	14.44	304
Fri Jun 28 11:08:30 2002	0	0	0	0.00	14.44	304
Fri Jun 28 11:11:02 2002	0	0	0	0.00	14.44	304
Fri Jun 28 11:21:00 2002	0	0	0	0.00	14.44	304
Fri Jun 28 11:31:00 2002	0	0	0	0.00	14.44	304
Fri Jun 28 11:41:00 2002	0	0	0	0.00	14.44	304
Fri Jun 28 11:41:02 2002	0	0	0	0.00	14.44	304
Fri Jun 28 11:48:27 2002	0	0	0	0.00	0.00	310
Fri Jun 28 11:58:32 2002	0	0	0	0.00	101.24	312
Fri Jun 28 12:08:32 2002	0	0	0	0.02	39.32	312
Fri Jun 28 12:18:32 2002	0	0	0	0.02	23.98	312
Fri Jun 28 12:28:30 2002	1	1	0	0.01	23.98	314
Fri Jun 28 12:38:30 2002	0	0	0	0.01	23.98	312
Fri Jun 28 12:41:02 2002	1	1	0	0.01	23.98	314
Fri Jun 28 12:51:00 2002	0	0	0	0.00	23.98	306
Fri Jun 28 13:01:00 2002	0	0	0	0.00	23.98	304
Fri Jun 28 13:03:32 2002	0	0	0	0.00	23.98	304
Fri Jun 28 13:13:30 2002	0	0	0	0.00	23.98	304
Fri Jun 28 13:23:30 2002	0	0	0	0.00	23.98	304
Fri Jun 28 13:26:02 2002	0	0	0	0.00	23.98	304
Fri Jun 28 13:36:00 2002	0	0	0	0.00	23.98	304
Fri Jun 28 13:46:00 2002	0	0	0	0.00	23.98	304
Fri Jun 28 13:56:00 2002	0	0	0	0.00	23.98	304
Fri Jun 28 13:56:02 2002	0	0	0	0.00	23.98	304
Fri Jun 28 14:06:00 2002	0	0	0	0.00	23.98	304
Fri Jun 28 14:16:00 2002	0	0	0	0.00	23.98	304
Fri Jun 28 14:18:32 2002	0	0	0	0.00	23.98	304
Fri Jun 28 14:28:30 2002	0	0	0	0.00	23.98	304
Fri Jun 28 14:38:30 2002	0	0	0	0.00	23.98	304
Fri Jun 28 14:48:30 2002	0	0	0	0.00	23.98	304
Fri Jun 28 14:48:32 2002	0	0	0	0.00	23.98	304
Fri Jun 28 14:58:30 2002	1	1	0	0.00	23.98	304
Fri Jun 28 15:08:30 2002	0	0	0	0.05	9.67	338
Fri Jun 28 15:18:30 2002	0	0	0	0.02	9.67	338
Fri Jun 28 15:18:32 2002	0	0	0	0.02	9.67	338
